1 2.13246 
2 2.12687 
3 2.09969 
4 2.11062 
5 2.11825 
6 2.11275 
7 2.02850 
8 2.03934 
9 2.05986 
10 2.10729 
11 2.10109 
12 2.17086 
13 2.09577 
14 2.07483 
15 2.05688 
16 1.97890 
17 2.07257 
18 2.07045 
19 1.95419 
20 2.07590 
21 1.99881 
22 2.02049 
23 2.16793 
24 2.04172 
25 2.07975 
26 2.22071 
27 2.10102 
28 2.05939 
29 2.06072 
30 2.14134 
31 2.02326 
32 2.16336 
33 2.03492 
34 2.00187 
35 2.12756 
36 2.05785 
37 2.18490 
38 2.17928 
39 2.11138 
40 2.04026 
41 2.02577 
42 2.14191 
43 2.13386 
44 2.11742 
45 2.10485 
46 2.10096 
47 2.17104 
48 1.99130 
49 2.17162 
50 2.05374 
51 1.98470 
52 2.03120 
53 2.10453 
54 2.08928 
55 2.08292 
56 2.16594 
57 2.08405 
58 1.97646 
59 2.10293 
60 2.02465 
61 2.01523 
62 1.99120 
63 2.11580 
64 2.06407 
65 2.11319 
66 1.98285 
67 2.11195 
68 1.99880 
69 2.08078 
70 2.02340 
71 2.04859 
72 2.12994 
73 2.05892 
74 2.06471 
75 2.05774 
76 2.13835 
77 2.07378 
78 2.13528 
79 2.18548 
80 2.00023 
81 2.09731 
82 2.08032 
83 2.11496 
84 2.10977 
85 2.03441 
86 2.15150 
87 2.12727 
88 2.13767 
89 2.04187 
90 2.11912 
91 2.14649 
92 2.12983 
93 2.09649 
94 2.04172 
95 2.16224 
96 2.17566 
97 2.01007 
98 2.09715 
99 2.06435 
100 2.12270 
1 2.09078 
2 2.07583 
3 2.10730 
4 2.03162 
5 2.02071 
6 2.07345 
7 2.05874 
8 2.01748 
9 2.08276 
10 2.09068 
11 2.06414 
12 2.06192 
13 2.11485 
14 2.07135 
15 2.09641 
16 2.16663 
17 2.03240 
18 2.09740 
19 2.14173 
20 2.01250 
21 2.13702 
22 2.03582 
23 2.03887 
24 2.18052 
25 2.09490 
26 2.05687 
27 2.14362 
28 2.09964 
29 1.98556 
30 2.12079 
31 2.04431 
32 2.09930 
33 2.04099 
34 2.06791 
35 2.08900 
36 2.05475 
37 2.06081 
38 2.07290 
39 2.07851 
40 2.06077 
41 1.99694 
42 2.07878 
43 2.04933 
44 2.03224 
45 2.04242 
46 2.08741 
47 2.13485 
48 2.16621 
49 2.12114 
50 2.17203 
51 2.06537 
52 2.09427 
53 2.10164 
54 2.12593 
55 2.20087 
56 2.10715 
57 2.05453 
58 2.14420 
59 2.08151 
60 2.15155 
61 2.08205 
62 2.10330 
63 2.07153 
64 2.03367 
65 2.11026 
66 1.97074 
67 2.10520 
68 2.13711 
69 2.04734 
70 2.02565 
71 2.08836 
72 2.06234 
73 2.03038 
74 2.01882 
75 2.18932 
76 2.07680 
77 2.10969 
78 2.01221 
79 2.08681 
80 2.04476 
81 2.09609 
82 1.99943 
83 1.99531 
84 2.11094 
85 1.99636 
86 2.10185 
87 2.13052 
88 2.06947 
89 2.03803 
90 2.09961 
91 2.20168 
92 2.03770 
93 2.08739 
94 2.04569 
95 2.14356 
96 2.14354 
97 2.13008 
98 2.07939 
99 2.13918 
100 2.13612 
1 2.02143 
2 2.10119 
3 2.09202 
4 2.00902 
5 2.13430 
6 2.13804 
7 2.17732 
8 2.11097 
9 2.05241 
10 2.02741 
11 2.13351 
12 2.20955 
13 2.05708 
14 2.14980 
15 2.10604 
16 2.01505 
17 2.05930 
18 2.10810 
19 2.10675 
20 2.13762 
21 2.04555 
22 2.02882 
23 2.12631 
24 2.11936 
25 2.02827 
26 2.07386 
27 2.10240 
28 2.08397 
29 2.09885 
30 2.20639 
31 2.11379 
32 2.07269 
33 2.01723 
34 1.97907 
35 2.07404 
36 2.07402 
37 2.13647 
38 2.09112 
39 2.07775 
40 2.22028 
41 2.09450 
42 2.10750 
43 2.11857 
44 2.09261 
45 2.10718 
46 2.08155 
47 2.06475 
48 2.12986 
49 2.06410 
50 2.02251 
51 2.12128 
52 2.00137 
53 2.05193 
54 2.05767 
55 2.15623 
56 2.08924 
57 2.10369 
58 2.09113 
59 2.05736 
60 2.13394 
61 2.16196 
62 2.07423 
63 2.01403 
64 1.97098 
65 2.00005 
66 2.13425 
67 2.12470 
68 2.16717 
69 2.08834 
70 2.07586 
71 1.96094 
72 2.17307 
73 2.07383 
74 2.09922 
75 2.06715 
76 2.02642 
77 2.14295 
78 2.13566 
79 2.13783 
80 2.05023 
81 2.04956 
82 1.99016 
83 2.12662 
84 2.13825 
85 2.10884 
86 2.00048 
87 2.05897 
88 2.05044 
89 2.05080 
90 2.11952 
91 1.98992 
92 2.02662 
93 1.99883 
94 2.11253 
95 2.03274 
96 2.08215 
97 2.09201 
98 2.15487 
99 2.18246 
100 2.03688 
1 2.05684 
2 2.05161 
3 2.01409 
4 2.12291 
5 2.04688 
6 2.14408 
7 2.09688 
8 2.13017 
9 2.12399 
10 2.00042 
11 2.04124 
12 2.00628 
13 2.06801 
14 2.11273 
15 2.16223 
16 2.08992 
17 2.10261 
18 2.10842 
19 1.98168 
20 2.17179 
21 2.04216 
22 2.17758 
23 2.12485 
24 2.10861 
25 2.10468 
26 2.09206 
27 2.07103 
28 2.11585 
29 2.10340 
30 2.07131 
31 2.14715 
32 2.06758 
33 2.21665 
34 2.02345 
35 2.17214 
36 2.05279 
37 2.02070 
38 2.02236 
39 2.14428 
40 2.14039 
41 2.12980 
42 2.10259 
43 1.98502 
44 2.09357 
45 2.13330 
46 2.06162 
47 2.13050 
48 2.05283 
49 2.06133 
50 2.05564 
51 2.18024 
52 1.97585 
53 2.13759 
54 1.98831 
55 2.15626 
56 2.03915 
57 2.19554 
58 2.06025 
59 2.14233 
60 2.06062 
61 2.16725 
62 2.17250 
63 2.00554 
64 2.01574 
65 2.05602 
66 2.19130 
67 2.03566 
68 2.09689 
69 2.12831 
70 2.08118 
71 2.12364 
72 2.03703 
73 2.01483 
74 2.08962 
75 2.07090 
76 2.05097 
77 2.08233 
78 2.09759 
79 2.04825 
80 2.12463 
81 2.17584 
82 2.05911 
83 2.08546 
84 1.98722 
85 2.07120 
86 2.04907 
87 2.14253 
88 2.07691 
89 2.15253 
90 2.12856 
91 2.04618 
92 2.02924 
93 2.12675 
94 2.05430 
95 2.17186 
96 2.07544 
97 2.19740 
98 2.11473 
99 2.09729 
100 2.12548 
1 2.03105 
2 2.17186 
3 2.16532 
4 2.11508 
5 2.12510 
6 2.12193 
7 2.05783 
8 2.01689 
9 2.06199 
10 2.20123 
11 2.14678 
12 1.99404 
13 2.04644 
14 1.95169 
15 2.12443 
16 2.03772 
17 2.11445 
18 2.12688 
19 2.12075 
20 2.08866 
21 2.04888 
22 2.12548 
23 2.15095 
24 2.02686 
25 2.13589 
26 2.18633 
27 2.09823 
28 2.15484 
29 2.06473 
30 2.10767 
31 2.16939 
32 2.12641 
33 2.02463 
34 2.18565 
35 2.04586 
36 2.22941 
37 2.10430 
38 2.12344 
39 2.18529 
40 2.05509 
41 2.17489 
42 2.16669 
43 2.21101 
44 2.07018 
45 2.08758 
46 2.02348 
47 2.15077 
48 2.07506 
49 2.01073 
50 2.08510 
51 2.17178 
52 2.06476 
53 2.15851 
54 2.08938 
55 2.14339 
56 2.10044 
57 1.94797 
58 2.17409 
59 2.09303 
60 2.08622 
61 2.16337 
62 2.10918 
63 2.11777 
64 2.09376 
65 2.12473 
66 2.08478 
67 2.04269 
68 2.16333 
69 2.09733 
70 2.10031 
71 2.05076 
72 2.08771 
73 2.12735 
74 2.10397 
75 2.24367 
76 2.07728 
77 2.08935 
78 2.10539 
79 2.17906 
80 2.10027 
81 2.06219 
82 2.11146 
83 2.10316 
84 2.23048 
85 2.13911 
86 2.08184 
87 2.14463 
88 2.12398 
89 2.10081 
90 2.10981 
91 2.13572 
92 2.08583 
93 2.13068 
94 2.21175 
95 2.19866 
96 2.10198 
97 2.03168 
98 2.12744 
99 2.13348 
100 2.13745 
1 2.15864 
2 2.22448 
3 2.16548 
4 2.07306 
5 2.10713 
6 2.12276 
7 2.16818 
8 2.12068 
9 2.27961 
10 2.14019 
11 2.12724 
12 2.18845 
13 2.15968 
14 2.05693 
15 2.11085 
16 2.13084 
17 2.19822 
18 2.15707 
19 2.10989 
20 2.11893 
21 2.04552 
22 2.05039 
23 2.13644 
24 2.11332 
25 2.10181 
26 2.07497 
27 2.07589 
28 2.14752 
29 2.13795 
30 2.11027 
1 2.13664 
2 2.15661 
3 2.16174 
4 2.07180 
5 2.10986 
6 2.14098 
7 2.17573 
8 2.10216 
9 2.12774 
10 2.14036 
11 2.02540 
12 2.20528 
13 2.07250 
14 2.19843 
15 2.24785 
16 2.08096 
17 2.18430 
18 2.03366 
19 2.17172 
20 2.13797 
21 2.13107 
22 2.10125 
23 2.12270 
24 2.02923 
25 2.13003 
26 2.10339 
27 2.18090 
28 2.15192 
29 2.12095 
30 2.17428 
1 2.16163 
2 2.15003 
3 2.16096 
4 2.09698 
5 2.09901 
6 2.08065 
7 2.13143 
8 2.10820 
9 2.09114 
10 2.09839 
11 2.21597 
12 2.11481 
13 2.08548 
14 2.15942 
15 2.11612 
16 2.15394 
17 2.11472 
18 2.22210 
19 2.17657 
20 2.14814 
21 2.15826 
22 2.25292 
23 2.07468 
24 2.10918 
25 2.23618 
26 2.12333 
27 2.12905 
28 2.06439 
29 2.11648 
30 2.11108 
1 2.14534 
2 2.14530 
3 2.12050 
4 2.12954 
5 2.21124 
6 2.11000 
7 2.15646 
8 2.20575 
9 2.11404 
10 2.19197 
11 2.25902 
12 2.22811 
13 2.06623 
14 2.16068 
15 2.15487 
16 2.12942 
17 2.14940 
18 2.19104 
19 2.19476 
20 2.20004 
21 2.20087 
22 2.11594 
23 2.16737 
24 2.17615 
25 2.07541 
26 2.26651 
27 2.12784 
28 2.17322 
29 2.04427 
30 2.19692 
1 2.21744 
2 2.12510 
3 2.30444 
4 2.24088 
5 2.21464 
6 2.27450 
7 2.21084 
8 2.13509 
9 2.22698 
10 2.19264 
11 2.17998 
12 2.27888 
13 2.20849 
14 2.23811 
15 2.17519 
16 2.21877 
17 2.33381 
18 2.08210 
19 2.22253 
20 2.10830 
21 2.17097 
22 2.14452 
23 2.12722 
24 2.22200 
25 2.19571 
26 2.15312 
27 2.15000 
28 2.10574 
29 2.22210 
30 2.17119 
1 2.30188 
2 2.31505 
3 2.23647 
4 2.19519 
5 2.26911 
6 2.20969 
7 2.19286 
8 2.17590 
9 2.22284 
10 2.16462 
11 2.25804 
12 2.03880 
13 2.22066 
14 2.21360 
15 2.16880 
16 2.23707 
17 2.18897 
18 2.22508 
19 2.16648 
20 2.32163 
21 2.15550 
22 2.31074 
23 2.20831 
24 2.17596 
25 2.14586 
26 2.20360 
27 2.27449 
28 2.18723 
29 2.16830 
30 2.20931 
1 2.18906 
2 2.14613 
3 2.25495 
4 2.22126 
5 2.20839 
6 2.14464 
7 2.14507 
8 2.19262 
9 2.25824 
10 2.14013 
11 2.23401 
12 2.25545 
13 2.33975 
14 2.31472 
15 2.18139 
16 2.36329 
17 2.32856 
18 2.24770 
19 2.15566 
20 2.28372 
21 2.12643 
22 2.23650 
23 2.31153 
24 2.26655 
25 2.20723 
26 2.26722 
27 2.33788 
28 2.24371 
29 2.20115 
30 2.19446 
1 2.19572 
2 2.25305 
3 2.18407 
4 2.32648 
5 2.35899 
6 2.23872 
7 2.25406 
8 2.24297 
9 2.22169 
10 2.21259 
11 2.21158 
12 2.18281 
13 2.23913 
14 2.30633 
15 2.25907 
16 2.13049 
17 2.25401 
18 2.24468 
19 2.39807 
20 2.38740 
21 2.12104 
22 2.18789 
23 2.26733 
24 2.25426 
25 2.26183 
26 2.26998 
27 2.30539 
28 2.27165 
29 2.21129 
30 2.21583 
1 2.34149 
2 2.25379 
3 2.23609 
4 2.29855 
5 2.27439 
6 2.24299 
7 2.30500 
8 2.33405 
9 2.29230 
10 2.25441 
11 2.31076 
12 2.34232 
13 2.33131 
14 2.24565 
15 2.31252 
16 2.29478 
17 2.42469 
18 2.26563 
19 2.24465 
20 2.34974 
21 2.34732 
22 2.21734 
23 2.20082 
24 2.31728 
25 2.22646 
26 2.30816 
27 2.25369 
28 2.25520 
29 2.42533 
30 2.40404 
1 2.33488 
2 2.41569 
3 2.18269 
4 2.37662 
5 2.33210 
6 2.32402 
7 2.29127 
8 2.26591 
9 2.37111 
10 2.29102 
11 2.40115 
12 2.35810 
13 2.25966 
14 2.35709 
15 2.34845 
16 2.38553 
17 2.31005 
18 2.32890 
19 2.36476 
20 2.27750 
21 2.34806 
22 2.24240 
23 2.26530 
24 2.39991 
25 2.32423 
26 2.35013 
27 2.40618 
28 2.25922 
29 2.33149 
30 2.31017 
1 2.38644 
2 2.39270 
3 2.35594 
4 2.34391 
5 2.46064 
6 2.35448 
7 2.25471 
8 2.34798 
9 2.40709 
10 2.32642 
11 2.28785 
12 2.35221 
13 2.46798 
14 2.28513 
15 2.34186 
16 2.33543 
17 2.35764 
18 2.30632 
19 2.32344 
20 2.31040 
21 2.41372 
22 2.35689 
23 2.33262 
24 2.38560 
25 2.27938 
26 2.30563 
27 2.35080 
28 2.44318 
29 2.31786 
30 2.36133 
1 2.36540 
2 2.32583 
3 2.39711 
4 2.41663 
5 2.40229 
6 2.44688 
7 2.39081 
8 2.52094 
9 2.40697 
10 2.34552 
11 2.42271 
12 2.37371 
13 2.29526 
14 2.39382 
15 2.37420 
16 2.42567 
17 2.32493 
18 2.35419 
19 2.23797 
20 2.27573 
21 2.35692 
22 2.36736 
23 2.47061 
24 2.31331 
25 2.34874 
26 2.38403 
27 2.48211 
28 2.44418 
29 2.45862 
30 2.39814 
1 2.46162 
2 2.43825 
3 2.44041 
4 2.52290 
5 2.34173 
6 2.31901 
7 2.37379 
8 2.59391 
9 2.42089 
10 2.42022 
11 2.46678 
12 2.45243 
13 2.36117 
14 2.36801 
15 2.46674 
16 2.42520 
17 2.52029 
18 2.40688 
19 2.40546 
20 2.53190 
21 2.45979 
22 2.40629 
23 2.46844 
24 2.38629 
25 2.33642 
26 2.52890 
27 2.48588 
28 2.41659 
29 2.53027 
30 2.46749 
1 2.48184 
2 2.51143 
3 2.47923 
4 2.49640 
5 2.39040 
6 2.43997 
7 2.35852 
8 2.30903 
9 2.55382 
10 2.44856 
11 2.64284 
12 2.47237 
13 2.51719 
14 2.49849 
15 2.45052 
16 2.44534 
17 2.51160 
18 2.46049 
19 2.45024 
20 2.45970 
21 2.40730 
22 2.52063 
23 2.42682 
24 2.55475 
25 2.58815 
26 2.40779 
27 2.37812 
28 2.42811 
29 2.49757 
30 2.46464 
1 2.54144 
2 2.45655 
3 2.45216 
4 2.49837 
5 2.49911 
6 2.41367 
7 2.62901 
8 2.54366 
9 2.51745 
10 2.56214 
11 2.53930 
12 2.47494 
13 2.53194 
14 2.57669 
15 2.50740 
16 2.57178 
17 2.54258 
18 2.60629 
19 2.51252 
20 2.51826 
21 2.64878 
22 2.63211 
23 2.42729 
24 2.61919 
25 2.49417 
26 2.57046 
27 2.57506 
28 2.61445 
29 2.53879 
30 2.46763 
1 2.48164 
2 2.49499 
3 2.61874 
4 2.57024 
5 2.50015 
6 2.58392 
7 2.57140 
8 2.54879 
9 2.58779 
10 2.66977 
11 2.52565 
12 2.50031 
13 2.63494 
14 2.67994 
15 2.57727 
16 2.58639 
17 2.59272 
18 2.53475 
19 2.66145 
20 2.36996 
1 2.67187 
2 2.56760 
3 2.69345 
4 2.59073 
5 2.53459 
6 2.60685 
7 2.61321 
8 2.60168 
9 2.54564 
10 2.67099 
11 2.65188 
12 2.71987 
13 2.73352 
14 2.71027 
15 2.62042 
16 2.70523 
17 2.62008 
18 2.63460 
19 2.50836 
20 2.61652 
1 2.63740 
2 2.61552 
3 2.71827 
4 2.74770 
5 2.81168 
6 2.86592 
7 2.75310 
8 2.55943 
9 2.65057 
10 2.63158 
11 2.71990 
12 2.64196 
13 2.69365 
14 2.66568 
15 2.71351 
16 2.72204 
17 2.66401 
18 2.70510 
19 2.73303 
20 2.70243 
1 2.71836 
2 2.85274 
3 2.86403 
4 2.86288 
5 2.70933 
6 2.81548 
7 2.77702 
8 2.85138 
9 2.75657 
10 2.74833 
11 2.87409 
12 2.84328 
13 2.79070 
14 2.78584 
15 2.73396 
16 2.81590 
17 2.82137 
18 2.84835 
19 2.74879 
20 2.75606 
1 2.82440 
2 2.85118 
3 2.81027 
4 2.98381 
5 2.78994 
6 2.79518 
7 2.83799 
8 2.89646 
9 2.90324 
10 2.89832 
11 2.86505 
12 2.79707 
13 2.82357 
14 2.84671 
15 2.94965 
16 2.86037 
17 2.96163 
18 2.97298 
19 2.73207 
20 2.96617 
1 2.87742 
2 3.05144 
3 2.91879 
4 2.95024 
5 3.02570 
6 2.93141 
7 3.05680 
8 2.89056 
9 2.89929 
10 2.94851 
11 3.01070 
12 2.86903 
13 2.87774 
14 2.93291 
15 3.09989 
16 3.03225 
17 2.93097 
18 3.09982 
19 3.02505 
20 2.89665 
1 3.04891 
2 3.08046 
3 3.03171 
4 3.11009 
5 3.10771 
6 3.11032 
7 3.11160 
8 3.13847 
9 2.97655 
10 3.16283 
11 3.17152 
12 3.04425 
13 3.18091 
14 3.14268 
15 3.04118 
16 3.18805 
17 2.95926 
18 2.90044 
19 3.16876 
20 3.14312 
1 3.25469 
2 3.28565 
3 3.19730 
4 3.10331 
5 3.19389 
6 3.36114 
7 3.27504 
8 3.19527 
9 3.23181 
10 3.28446 
11 3.11477 
12 3.39804 
13 3.41016 
14 3.07670 
15 3.28238 
16 3.33824 
17 3.25408 
18 3.10152 
19 3.25227 
20 3.27119 
1 3.50994 
2 3.44751 
3 3.32690 
4 3.44064 
5 3.32103 
6 3.39108 
7 3.43067 
8 3.43119 
9 3.48874 
10 3.22958 
11 3.31569 
12 3.38172 
13 3.39245 
14 3.34663 
15 3.37188 
16 3.42328 
17 3.34915 
18 3.38320 
19 3.42456 
20 3.41745 
1 3.74221 
2 3.43869 
3 3.52315 
4 3.76941 
5 3.48491 
6 3.50135 
7 3.59345 
8 3.51220 
9 3.60343 
10 3.67306 
11 3.54591 
12 3.52077 
13 3.60670 
14 3.41724 
15 3.57893 
16 3.53006 
17 3.54135 
18 3.59769 
19 3.75340 
20 3.69894 
1 3.92280 
2 3.96142 
3 3.80713 
4 3.67856 
5 3.81823 
6 3.85455 
7 3.85114 
8 3.83739 
9 3.95648 
10 3.79940 
11 3.88913 
12 3.91531 
13 3.75833 
14 3.74380 
15 3.94416 
16 3.85172 
17 3.72396 
18 3.85526 
19 4.06720 
20 3.64360 
1 4.17586 
2 4.24470 
3 4.27023 
4 4.19790 
5 3.95054 
6 4.30383 
7 4.10621 
8 4.17725 
9 4.17696 
10 3.92744 
11 4.12170 
12 4.03201 
13 4.22740 
14 4.24281 
15 4.05473 
16 3.95911 
17 4.17838 
18 4.08320 
19 4.05582 
20 4.22164 
1 4.71314 
2 4.62295 
3 4.64846 
4 4.72608 
5 4.64075 
6 4.57910 
7 4.65911 
8 4.79403 
9 4.66017 
10 4.51537 
11 4.83230 
12 4.61261 
13 4.55898 
14 4.70004 
15 4.71190 
16 4.49733 
17 4.66481 
18 4.52100 
19 4.62206 
20 4.41200 
1 5.30921 
2 5.29098 
3 5.35675 
4 5.19526 
5 4.93947 
6 5.30059 
7 5.07514 
8 5.16631 
9 5.42025 
10 5.30935 
11 5.35941 
12 5.32257 
13 5.30553 
14 5.61569 
15 5.19920 
16 5.34746 
17 5.30160 
18 5.16225 
19 5.06924 
20 5.32034 
1 6.32810 
2 6.61021 
3 6.44988 
4 6.25441 
5 6.33244 
6 6.64006 
7 6.87577 
8 6.50770 
9 6.21036 
10 6.13637 
11 6.47844 
12 6.57972 
13 6.39165 
14 6.28775 
15 6.33401 
16 6.53725 
17 6.14588 
18 6.10745 
19 6.38534 
20 6.04629 

