1 1.04334 
2 0.81492 
3 0.59673 
4 0.37691 
5 0.33353 
6 0.30332 
7 0.30488 
8 0.28885 
9 0.24034 
10 0.20237 
11 0.20583 
12 0.20424 
13 0.22341 
14 0.21688 
15 0.22815 
16 0.19296 
17 0.18672 
18 0.18095 
19 0.17795 
20 0.18238 
21 0.20708 
22 0.18802 
23 0.16207 
24 0.20289 
25 0.17504 
26 0.17767 
27 0.16293 
28 0.14401 
29 0.17317 
30 0.14672 
31 0.17068 
32 0.15217 
33 0.14558 
34 0.13861 
35 0.12462 
36 0.12530 
37 0.12040 
38 0.11612 
39 0.12447 
40 0.11777 
41 0.12003 
42 0.14524 
43 0.12605 
44 0.12377 
45 0.12400 
46 0.10856 
47 0.11120 
48 0.10552 
49 0.09832 
50 0.10012 
51 0.09762 
52 0.09622 
53 0.09833 
54 0.11740 
55 0.09433 
56 0.09791 
57 0.09023 
58 0.09448 
59 0.09771 
60 0.08565 
61 0.08946 
62 0.09647 
63 0.08618 
64 0.09147 
65 0.09123 
66 0.09163 
67 0.08515 
68 0.08889 
69 0.09836 
70 0.09346 
71 0.08768 
72 0.08881 
73 0.08756 
74 0.09711 
75 0.09002 
76 0.08872 
77 0.08303 
78 0.08892 
79 0.08005 
80 0.09335 
81 0.09068 
82 0.07671 
83 0.08957 
84 0.07280 
85 0.08110 
86 0.08343 
87 0.07489 
88 0.07518 
89 0.07369 
90 0.07855 
91 0.07262 
92 0.07974 
93 0.08557 
94 0.07398 
95 0.07699 
96 0.08325 
97 0.07574 
98 0.07308 
99 0.07949 
100 0.09720 
1 0.07697 
2 0.07984 
3 0.07852 
4 0.06947 
5 0.07954 
6 0.08092 
7 0.07174 
8 0.07087 
9 0.07369 
10 0.07846 
11 0.07528 
12 0.07321 
13 0.07139 
14 0.07034 
15 0.08220 
16 0.06966 
17 0.06667 
18 0.07069 
19 0.07174 
20 0.07885 
21 0.07230 
22 0.07617 
23 0.06619 
24 0.06652 
25 0.06925 
26 0.06734 
27 0.07472 
28 0.06681 
29 0.07023 
30 0.06693 
31 0.07110 
32 0.07396 
33 0.07040 
34 0.06444 
35 0.06749 
36 0.06733 
37 0.06842 
38 0.06173 
39 0.07300 
40 0.06580 
41 0.07193 
42 0.06380 
43 0.06931 
44 0.06838 
45 0.06660 
46 0.07741 
47 0.07353 
48 0.06257 
49 0.06681 
50 0.06186 
51 0.06091 
52 0.06456 
53 0.06752 
54 0.06955 
55 0.06376 
56 0.06464 
57 0.07303 
58 0.07225 
59 0.07259 
60 0.06293 
61 0.06679 
62 0.06135 
63 0.07952 
64 0.06530 
65 0.06465 
66 0.07188 
67 0.07096 
68 0.06034 
69 0.06235 
70 0.06380 
71 0.06680 
72 0.06008 
73 0.06326 
74 0.06140 
75 0.06759 
76 0.06663 
77 0.06023 
78 0.06413 
79 0.06108 
80 0.05930 
81 0.06475 
82 0.06345 
83 0.06890 
84 0.06082 
85 0.05946 
86 0.05774 
87 0.06252 
88 0.05671 
89 0.06293 
90 0.07350 
91 0.05982 
92 0.06130 
93 0.05867 
94 0.05983 
95 0.05741 
96 0.05989 
97 0.05806 
98 0.07306 
99 0.06113 
100 0.06155 
1 0.06099 
2 0.06368 
3 0.06598 
4 0.06143 
5 0.06466 
6 0.05953 
7 0.06265 
8 0.05745 
9 0.05880 
10 0.06267 
11 0.06406 
12 0.06167 
13 0.05982 
14 0.06451 
15 0.06403 
16 0.06077 
17 0.05785 
18 0.05608 
19 0.06287 
20 0.05703 
21 0.05676 
22 0.05978 
23 0.05625 
24 0.05836 
25 0.05749 
26 0.06223 
27 0.06003 
28 0.05886 
29 0.05608 
30 0.06576 
31 0.06355 
32 0.05799 
33 0.05988 
34 0.05541 
35 0.06152 
36 0.06082 
37 0.06208 
38 0.05718 
39 0.05420 
40 0.06030 
41 0.05567 
42 0.05844 
43 0.05530 
44 0.05814 
45 0.06206 
46 0.05719 
47 0.05441 
48 0.05100 
49 0.05291 
50 0.05593 
51 0.05804 
52 0.06139 
53 0.05526 
54 0.05887 
55 0.06522 
56 0.05812 
57 0.05683 
58 0.05300 
59 0.05564 
60 0.05763 
61 0.06090 
62 0.06576 
63 0.05928 
64 0.05912 
65 0.05672 
66 0.05861 
67 0.05766 
68 0.05353 
69 0.05385 
70 0.05328 
71 0.05129 
72 0.06513 
73 0.05832 
74 0.05197 
75 0.05213 
76 0.05107 
77 0.06281 
78 0.06034 
79 0.06059 
80 0.06151 
81 0.05307 
82 0.04915 
83 0.05172 
84 0.05275 
85 0.05516 
86 0.05539 
87 0.05502 
88 0.06056 
89 0.05696 
90 0.05126 
91 0.05234 
92 0.04993 
93 0.05280 
94 0.04858 
95 0.05637 
96 0.05527 
97 0.05942 
98 0.05072 
99 0.05481 
100 0.05654 
1 0.05702 
2 0.06141 
3 0.05297 
4 0.05095 
5 0.05186 
6 0.05285 
7 0.05194 
8 0.04863 
9 0.05942 
10 0.05034 
11 0.05299 
12 0.05002 
13 0.05431 
14 0.06296 
15 0.05357 
16 0.05760 
17 0.05402 
18 0.05007 
19 0.05055 
20 0.04870 
21 0.05719 
22 0.04973 
23 0.04913 
24 0.06147 
25 0.05809 
26 0.05341 
27 0.05882 
28 0.05580 
29 0.04911 
30 0.04772 
31 0.05070 
32 0.05278 
33 0.04890 
34 0.05230 
35 0.05082 
36 0.05454 
37 0.05581 
38 0.05587 
39 0.05038 
40 0.05355 
41 0.05020 
42 0.05056 
43 0.06107 
44 0.05179 
45 0.05456 
46 0.05076 
47 0.05558 
48 0.05522 
49 0.04937 
50 0.04626 
51 0.04775 
52 0.05039 
53 0.05349 
54 0.05019 
55 0.04775 
56 0.04976 
57 0.05256 
58 0.04830 
59 0.05277 
60 0.04757 
61 0.05084 
62 0.05661 
63 0.05113 
64 0.05127 
65 0.04855 
66 0.04671 
67 0.04754 
68 0.04915 
69 0.05309 
70 0.04818 
71 0.05065 
72 0.04855 
73 0.04909 
74 0.04936 
75 0.04768 
76 0.04784 
77 0.05155 
78 0.05453 
79 0.04574 
80 0.05151 
81 0.05233 
82 0.05717 
83 0.05235 
84 0.04724 
85 0.05550 
86 0.04748 
87 0.04924 
88 0.04545 
89 0.05324 
90 0.04848 
91 0.04683 
92 0.04811 
93 0.04926 
94 0.04687 
95 0.04746 
96 0.04825 
97 0.04613 
98 0.04825 
99 0.05620 
100 0.05167 
1 0.04775 
2 0.04546 
3 0.05456 
4 0.05245 
5 0.04820 
6 0.04506 
7 0.05017 
8 0.04737 
9 0.04946 
10 0.05798 
11 0.05455 
12 0.04959 
13 0.04739 
14 0.04911 
15 0.04528 
16 0.05334 
17 0.04843 
18 0.05026 
19 0.04980 
20 0.04944 
21 0.04917 
22 0.04839 
23 0.05039 
24 0.04551 
25 0.05125 
26 0.04871 
27 0.04676 
28 0.04765 
29 0.04474 
30 0.05402 
31 0.04796 
32 0.05389 
33 0.04635 
34 0.04475 
35 0.04985 
36 0.05362 
37 0.04695 
38 0.04796 
39 0.05184 
40 0.04839 
41 0.05390 
42 0.04600 
43 0.04580 
44 0.04432 
45 0.04678 
46 0.04508 
47 0.05000 
48 0.04785 
49 0.04756 
50 0.04754 
51 0.04575 
52 0.05061 
53 0.04399 
54 0.04420 
55 0.04818 
56 0.04461 
57 0.04845 
58 0.04600 
59 0.04556 
60 0.05359 
61 0.04750 
62 0.05068 
63 0.05026 
64 0.04816 
65 0.05384 
66 0.04494 
67 0.04310 
68 0.05267 
69 0.04735 
70 0.04566 
71 0.04308 
72 0.04862 
73 0.04921 
74 0.04620 
75 0.04308 
76 0.04765 
77 0.04381 
78 0.05153 
79 0.05408 
80 0.04791 
81 0.04281 
82 0.04970 
83 0.04462 
84 0.04279 
85 0.04404 
86 0.04542 
87 0.04529 
88 0.04368 
89 0.04299 
90 0.04515 
91 0.04570 
92 0.04479 
93 0.04896 
94 0.05504 
95 0.05242 
96 0.04546 
97 0.04766 
98 0.04150 
99 0.04118 
100 0.04645 
1 0.05334 
2 0.04891 
3 0.04396 
4 0.04429 
5 0.04424 
6 0.04769 
7 0.04480 
8 0.04969 
9 0.04609 
10 0.04259 
11 0.04572 
12 0.04315 
13 0.04788 
14 0.05155 
15 0.04445 
16 0.04514 
17 0.04593 
18 0.05105 
19 0.05202 
20 0.04349 
21 0.04330 
22 0.04382 
23 0.05023 
24 0.04508 
25 0.04393 
26 0.04399 
27 0.04190 
28 0.04984 
29 0.04611 
30 0.04374 
31 0.04557 
32 0.04399 
33 0.04857 
34 0.04671 
35 0.04527 
36 0.04448 
37 0.04257 
38 0.04275 
39 0.04960 
40 0.04309 
1 0.04940 
2 0.04204 
3 0.04645 
4 0.04531 
5 0.04419 
6 0.04170 
7 0.04255 
8 0.04376 
9 0.04353 
10 0.04343 
11 0.04159 
12 0.04822 
13 0.04534 
14 0.04653 
15 0.04309 
16 0.05772 
17 0.04483 
18 0.04729 
19 0.04422 
20 0.04384 
21 0.04717 
22 0.04697 
23 0.04233 
24 0.04334 
25 0.05065 
26 0.04454 
27 0.04553 
28 0.04480 
29 0.04580 
30 0.04615 
31 0.04946 
32 0.04750 
33 0.04443 
34 0.04498 
35 0.04034 
36 0.04482 
37 0.04178 
38 0.04335 
39 0.04304 
40 0.04478 
1 0.04372 
2 0.04821 
3 0.04541 
4 0.05301 
5 0.04443 
6 0.04309 
7 0.05145 
8 0.04444 
9 0.04465 
10 0.04068 
11 0.04438 
12 0.04392 
13 0.04233 
14 0.04408 
15 0.04259 
16 0.04375 
17 0.04445 
18 0.04267 
19 0.04155 
20 0.04571 
21 0.04618 
22 0.04644 
23 0.04193 
24 0.04467 
25 0.04237 
26 0.04337 
27 0.04919 
28 0.04651 
29 0.04548 
30 0.04720 
31 0.05559 
32 0.04853 
33 0.04253 
34 0.04170 
35 0.04062 
36 0.04151 
37 0.04228 
38 0.04355 
39 0.04450 
40 0.04397 
1 0.04211 
2 0.04318 
3 0.04530 
4 0.04531 
5 0.04106 
6 0.04290 
7 0.04397 
8 0.04408 
9 0.04347 
10 0.04085 
11 0.04441 
12 0.04186 
13 0.04502 
14 0.04669 
15 0.04954 
16 0.04319 
17 0.04348 
18 0.04385 
19 0.04851 
20 0.05804 
21 0.04421 
22 0.04714 
23 0.04262 
24 0.04145 
25 0.04124 
26 0.04720 
27 0.04118 
28 0.04033 
29 0.04204 
30 0.04547 
31 0.04880 
32 0.04601 
33 0.04288 
34 0.04447 
35 0.04570 
36 0.04683 
37 0.04163 
38 0.04422 
39 0.04333 
40 0.05808 
1 0.05424 
2 0.05019 
3 0.04201 
4 0.04054 
5 0.04104 
6 0.04371 
7 0.04250 
8 0.04142 
9 0.04402 
10 0.04363 
11 0.04112 
12 0.04172 
13 0.04274 
14 0.04330 
15 0.04139 
16 0.04527 
17 0.04301 
18 0.04105 
19 0.04242 
20 0.04392 
21 0.04043 
22 0.04597 
23 0.04497 
24 0.04109 
25 0.04012 
26 0.04355 
27 0.04348 
28 0.04084 
29 0.04319 
30 0.04253 
31 0.04138 
32 0.04108 
33 0.04243 
34 0.04960 
35 0.04368 
36 0.04488 
37 0.04661 
38 0.03975 
39 0.04122 
40 0.04558 
1 0.04585 
2 0.04227 
3 0.04159 
4 0.04892 
5 0.04511 
6 0.04548 
7 0.04817 
8 0.04413 
9 0.04529 
10 0.04506 
11 0.04223 
12 0.04181 
13 0.04152 
14 0.04415 
15 0.04127 
16 0.04133 
17 0.04187 
18 0.04203 
19 0.04309 
20 0.04668 
21 0.04163 
22 0.04079 
23 0.04779 
24 0.04404 
25 0.03992 
26 0.04469 
27 0.04319 
28 0.04234 
29 0.04166 
30 0.04198 
31 0.04479 
32 0.04727 
33 0.04272 
34 0.04229 
35 0.04349 
36 0.04530 
37 0.04514 
38 0.04037 
39 0.04184 
40 0.04443 
1 0.04505 
2 0.04428 
3 0.04266 
4 0.04512 
5 0.04074 
6 0.04113 
7 0.04365 
8 0.04484 
9 0.04320 
10 0.04024 
11 0.04502 
12 0.04182 
13 0.04317 
14 0.04140 
15 0.04229 
16 0.04221 
17 0.03935 
18 0.04616 
19 0.04021 
20 0.04206 
21 0.04554 
22 0.04549 
23 0.04043 
24 0.04337 
25 0.04102 
26 0.04202 
27 0.04552 
28 0.04762 
29 0.04162 
30 0.04071 
31 0.04958 
32 0.04667 
33 0.04707 
34 0.04323 
35 0.04000 
36 0.04103 
37 0.04302 
38 0.04348 
39 0.04569 
40 0.04067 
1 0.04447 
2 0.04316 
3 0.04546 
4 0.04348 
5 0.04050 
6 0.04099 
7 0.04262 
8 0.04448 
9 0.04499 
10 0.03914 
11 0.04396 
12 0.04376 
13 0.04177 
14 0.04269 
15 0.04237 
16 0.03963 
17 0.04367 
18 0.04381 
19 0.04432 
20 0.04407 
21 0.03963 
22 0.04283 
23 0.04711 
24 0.03986 
25 0.04027 
26 0.04200 
27 0.04596 
28 0.04475 
29 0.04030 
30 0.04164 
31 0.04044 
32 0.04791 
33 0.04629 
34 0.04048 
35 0.04211 
36 0.04221 
37 0.04057 
38 0.04138 
39 0.04378 
40 0.04282 
1 0.04527 
2 0.04380 
3 0.04442 
4 0.04174 
5 0.03975 
6 0.03951 
7 0.04150 
8 0.04157 
9 0.04583 
10 0.04502 
11 0.04465 
12 0.04184 
13 0.04269 
14 0.04527 
15 0.04391 
16 0.04296 
17 0.04130 
18 0.04541 
19 0.04521 
20 0.04566 
21 0.04291 
22 0.04215 
23 0.04288 
24 0.04218 
25 0.04230 
26 0.03945 
27 0.03970 
28 0.03988 
29 0.04126 
30 0.04062 
31 0.04712 
32 0.04340 
33 0.04202 
34 0.04194 
35 0.04478 
36 0.04584 
37 0.04257 
38 0.04306 
39 0.03984 
40 0.04011 
1 0.04391 
2 0.04337 
3 0.04526 
4 0.04175 
5 0.04174 
6 0.04165 
7 0.04536 
8 0.04435 
9 0.04146 
10 0.04169 
11 0.04418 
12 0.04245 
13 0.04139 
14 0.04163 
15 0.04218 
16 0.04384 
17 0.04478 
18 0.04426 
19 0.04433 
20 0.04102 
21 0.04191 
22 0.04353 
23 0.04572 
24 0.04695 
25 0.04287 
26 0.04074 
27 0.04243 
28 0.04129 
29 0.04490 
30 0.03997 
31 0.04560 
32 0.04372 
33 0.04043 
34 0.04228 
35 0.04293 
36 0.04040 
37 0.04154 
38 0.04107 
39 0.04238 
40 0.04377 
1 0.04280 
2 0.04578 
3 0.04413 
4 0.04337 
5 0.04654 
6 0.04093 
7 0.04212 
8 0.04430 
9 0.04733 
10 0.04042 
11 0.04274 
12 0.04221 
13 0.04302 
14 0.04221 
15 0.04576 
16 0.04273 
17 0.04057 
18 0.04094 
19 0.04149 
20 0.04208 
21 0.04141 
22 0.04091 
23 0.04299 
24 0.04495 
25 0.04144 
26 0.04458 
27 0.04012 
28 0.04126 
29 0.04103 
30 0.04428 
31 0.04232 
32 0.04614 
33 0.04572 
34 0.04195 
35 0.04510 
36 0.04382 
37 0.04172 
38 0.04234 
39 0.04398 
40 0.03988 
1 0.04440 
2 0.04089 
3 0.04449 
4 0.04601 
5 0.04100 
6 0.04214 
7 0.04161 
8 0.04208 
9 0.04519 
10 0.04206 
11 0.04186 
12 0.04235 
13 0.04202 
14 0.04318 
15 0.04331 
16 0.04262 
17 0.04142 
18 0.04383 
19 0.04104 
20 0.04566 
21 0.04273 
22 0.04131 
23 0.04314 
24 0.04254 
25 0.04354 
26 0.04367 
27 0.04205 
28 0.04511 
29 0.04495 
30 0.04204 
31 0.04201 
32 0.04481 
33 0.04445 
34 0.04018 
35 0.04132 
36 0.04550 
37 0.04330 
38 0.04201 
39 0.04124 
40 0.04130 
1 0.04222 
2 0.04097 
3 0.04351 
4 0.04401 
5 0.04365 
6 0.04311 
7 0.04630 
8 0.04326 
9 0.04584 
10 0.04427 
11 0.04254 
12 0.04283 
13 0.04783 
14 0.04171 
15 0.04080 
16 0.04193 
17 0.04085 
18 0.04182 
19 0.04139 
20 0.04183 
21 0.04206 
22 0.04580 
23 0.04159 
24 0.03982 
25 0.04201 
26 0.04314 
27 0.04360 
28 0.04105 
29 0.04185 
30 0.04140 
31 0.04315 
32 0.04451 
33 0.04062 
34 0.04085 
35 0.04128 
36 0.04466 
37 0.04496 
38 0.04053 
39 0.04153 
40 0.04240 
1 0.04260 
2 0.04320 
3 0.04416 
4 0.04554 
5 0.04330 
6 0.04147 
7 0.04306 
8 0.04389 
9 0.04215 
10 0.04224 
11 0.04321 
12 0.04288 
13 0.04381 
14 0.04719 
15 0.04533 
16 0.04383 
17 0.04556 
18 0.04381 
19 0.04261 
20 0.04180 
21 0.04439 
22 0.04260 
23 0.04214 
24 0.04309 
25 0.04409 
26 0.04390 
27 0.04525 
28 0.04458 
29 0.04320 
30 0.04498 
31 0.04632 
32 0.04158 
33 0.04099 
34 0.04410 
35 0.04513 
36 0.04532 
37 0.04539 
38 0.04092 
39 0.04410 
40 0.04203 
1 0.04502 
2 0.04479 
3 0.04275 
4 0.04371 
5 0.04307 
6 0.04142 
7 0.04290 
8 0.04428 
9 0.04408 
10 0.04153 
11 0.04156 
12 0.04182 
13 0.04559 
14 0.04205 
15 0.04591 
16 0.04779 
17 0.04325 
18 0.04244 
19 0.04489 
20 0.04585 
21 0.04218 
22 0.04368 
23 0.04465 
24 0.04511 
25 0.04410 
26 0.04275 
27 0.04278 
28 0.04487 
29 0.04368 
30 0.04304 
31 0.04216 
32 0.04507 
33 0.04241 
34 0.04279 
35 0.04204 
36 0.04342 
37 0.04512 
38 0.04321 
39 0.04314 
40 0.04418 
1 0.04257 
2 0.04258 
3 0.04392 
4 0.04354 
5 0.04287 
6 0.04220 
7 0.04266 
8 0.04648 
9 0.04252 
10 0.04456 
11 0.04362 
12 0.04273 
13 0.04160 
14 0.04332 
15 0.04252 
16 0.04196 
17 0.04409 
18 0.04191 
19 0.04371 
20 0.04320 
1 0.04735 
2 0.04408 
3 0.04458 
4 0.04525 
5 0.04425 
6 0.04742 
7 0.04559 
8 0.04715 
9 0.04520 
10 0.04503 
11 0.04655 
12 0.04658 
13 0.04347 
14 0.04502 
15 0.04234 
16 0.04730 
17 0.04702 
18 0.04409 
19 0.04296 
20 0.04362 
1 0.04667 
2 0.04466 
3 0.04638 
4 0.04898 
5 0.04745 
6 0.04571 
7 0.04278 
8 0.04746 
9 0.04499 
10 0.04610 
11 0.04430 
12 0.04392 
13 0.04468 
14 0.04510 
15 0.04696 
16 0.04445 
17 0.04266 
18 0.04627 
19 0.04576 
20 0.04411 
1 0.04685 
2 0.04623 
3 0.04908 
4 0.04741 
5 0.04750 
6 0.04794 
7 0.04676 
8 0.04766 
9 0.04598 
10 0.04586 
11 0.04566 
12 0.04687 
13 0.04805 
14 0.04750 
15 0.04711 
16 0.04570 
17 0.04557 
18 0.04641 
19 0.04640 
20 0.04747 
1 0.04867 
2 0.04679 
3 0.05173 
4 0.04739 
5 0.04620 
6 0.05047 
7 0.04746 
8 0.04874 
9 0.04974 
10 0.04682 
11 0.04745 
12 0.04901 
13 0.04570 
14 0.04609 
15 0.04766 
16 0.04802 
17 0.04769 
18 0.04851 
19 0.04705 
20 0.04615 
1 0.05009 
2 0.04779 
3 0.04932 
4 0.05260 
5 0.05191 
6 0.04890 
7 0.04811 
8 0.04813 
9 0.04754 
10 0.04927 
11 0.05032 
12 0.04979 
13 0.05165 
14 0.04824 
15 0.04759 
16 0.04832 
17 0.04833 
18 0.04921 
19 0.05109 
20 0.05118 
1 0.04850 
2 0.04989 
3 0.04974 
4 0.05041 
5 0.05124 
6 0.05005 
7 0.04994 
8 0.04852 
9 0.05214 
10 0.05099 
11 0.05157 
12 0.04977 
13 0.04982 
14 0.05115 
15 0.05016 
16 0.04933 
17 0.05216 
18 0.05222 
19 0.05111 
20 0.05036 
1 0.05210 
2 0.05249 
3 0.05219 
4 0.05354 
5 0.05332 
6 0.05367 
7 0.05104 
8 0.05371 
9 0.05285 
10 0.05816 
11 0.05307 
12 0.05289 
13 0.05205 
14 0.05062 
15 0.05115 
16 0.05070 
17 0.05313 
18 0.05118 
19 0.05137 
20 0.05208 
1 0.05469 
2 0.05397 
3 0.05547 
4 0.05517 
5 0.05767 
6 0.05572 
7 0.05485 
8 0.05468 
9 0.05330 
10 0.05139 
11 0.05511 
12 0.05410 
13 0.05233 
14 0.05436 
15 0.05401 
16 0.05465 
17 0.05516 
18 0.05666 
19 0.05417 
20 0.05494 
1 0.05933 
2 0.05655 
3 0.05755 
4 0.05550 
5 0.05635 
6 0.05972 
7 0.05672 
8 0.05843 
9 0.05681 
10 0.05938 
11 0.05553 
12 0.05790 
13 0.05793 
14 0.05670 
15 0.05638 
16 0.05533 
17 0.05558 
18 0.05616 
19 0.05679 
20 0.05654 
1 0.05935 
2 0.05835 
3 0.05938 
4 0.06127 
5 0.05733 
6 0.05880 
7 0.06082 
8 0.06090 
9 0.06102 
10 0.05863 
11 0.06017 
12 0.05964 
13 0.05900 
14 0.05885 
15 0.05775 
16 0.05917 
17 0.05839 
18 0.06086 
19 0.06174 
20 0.06033 
1 0.06441 
2 0.06638 
3 0.06625 
4 0.07338 
5 0.06236 
6 0.06280 
7 0.06416 
8 0.06507 
9 0.06360 
10 0.06329 
11 0.06354 
12 0.06329 
13 0.06415 
14 0.06036 
15 0.06174 
16 0.06297 
17 0.06143 
18 0.06179 
19 0.06182 
20 0.05948 
1 0.06552 
2 0.06658 
3 0.06661 
4 0.06890 
5 0.06642 
6 0.06674 
7 0.06873 
8 0.06988 
9 0.06712 
10 0.06507 
11 0.06762 
12 0.06526 
13 0.06480 
14 0.07004 
15 0.06778 
16 0.06579 
17 0.06481 
18 0.06574 
19 0.06554 
20 0.06503 
1 0.07298 
2 0.07260 
3 0.07079 
4 0.07063 
5 0.07096 
6 0.07066 
7 0.07056 
8 0.07358 
9 0.07215 
10 0.07340 
11 0.07036 
12 0.06956 
13 0.06970 
14 0.07016 
15 0.07149 
16 0.07356 
17 0.07401 
18 0.07064 
19 0.07092 
20 0.07063 
1 0.07570 
2 0.08089 
3 0.07741 
4 0.07855 
5 0.07708 
6 0.07839 
7 0.07853 
8 0.07780 
9 0.07611 
10 0.07656 
11 0.07819 
12 0.07718 
13 0.07517 
14 0.07591 
15 0.07613 
16 0.07840 
17 0.07942 
18 0.07765 
19 0.07807 
20 0.07654 
